Checking number of completed runs for each problem and acquisition type...
--------------------------------------------------------------------------------------------------------------------------------------------------------------------------------------------------------------------------------------------------------------------------------------------------------------------------------------------------------------------------------------------------------------------------------------------------------------------
Problem       |        PI        |      LogPI       |        EI        |      LogEI       |       UCB        |     PosMean      |      PosSTD      |        TS        |       qKG        |       qPES       |       qMES       |       qJES       |      lmabo       |     gphedge      |    no_past_bo    |     setup_bo     |       esp        |      llmgp       |      llambo      |bo_alternating_k1 |bo_alternating_k3 |bo_alternating_k5 |bo_explore_exploit|
--------------------------------------------------------------------------------------------------------------------------------------------------------------------------------------------------------------------------------------------------------------------------------------------------------------------------------------------------------------------------------------------------------------------------------------------------------------------
Ackley        |        10        |        10        |        10        |        10        |        10        |        10        |        10        |        10        |        10        |        10        |        10        |        10        |        10        |        10        |        10        |        10        |        10        |        10        |        10        |        10        |        10        |        10        |        10        |
Rosenbrock    |        10        |        10        |        10        |        10        |        10        |        10        |        10        |        10        |        10        |        10        |        10        |        10        |        10        |        10        |        10        |        10        |        10        |        10        |        10        |        10        |        10        |        10        |        10        |
Rastrigin     |        10        |        10        |        10        |        10        |        10        |        10        |        10        |        10        |        10        |        10        |        10        |        10        |        10        |        10        |        10        |        10        |        10        |        10        |        10        |        10        |        10        |        10        |        10        |
StyblinskiTang|        10        |        10        |        10        |        10        |        10        |        10        |        10        |        10        |        10        |        10        |        10        |        10        |        10        |        10        |        10        |        10        |        10        |        10        |        10        |        10        |        10        |        10        |        10        |
--------------------------------------------------------------------------------------------------------------------------------------------------------------------------------------------------------------------------------------------------------------------------------------------------------------------------------------------------------------------------------------------------------------------------------------------------------------------
Completed:  ['Ackley', 'Rosenbrock', 'Rastrigin', 'StyblinskiTang']
Completed 4 problems out of 4
    method     mean      min       max     range  problem_rank
     LogPI 1.202547 1.015678  1.601052  0.585375          3.00
        PI 1.236688 1.000000  1.675013  0.675013          6.75
    llambo 1.249459 1.000000  1.997836  0.997836          3.25
   PosMean 1.406810 1.077403  1.597405  0.520002          4.25
no_past_bo 1.447401 1.151378  1.635800  0.484422          8.25
       esp 1.487029 1.055830  1.689553  0.633723          5.75
        EI 1.515622 1.110833  1.666472  0.555639          9.00
     LogEI 1.526469 1.000394  1.898336  0.897941          6.00
   gphedge 1.552630 1.081636  1.933713  0.852077          8.75
  setup_bo 1.572181 1.099316  1.921283  0.821967          9.75
     lmabo 1.590561 1.060495  2.111089  1.050594          7.75
       qKG 1.867154 1.115460  3.218058  2.102599          9.75
      qMES 1.878252 1.114741  2.988249  1.873508         12.75
        TS 2.157149 1.154216  3.871619  2.717403         15.25
      qJES 2.391282 1.148034  4.312708  3.164674         15.50
     llmgp 2.392435 1.162316  4.756797  3.594481         16.50
    PosSTD 2.756494 1.077865  6.546076  5.468211         11.75
       UCB 4.192995 1.123215 11.009260  9.886046         17.25
      qPES 5.565871 1.163880 16.225429 15.061549         18.75
========================================================================================================================================================================================================
problem     method       run_1       run_2       run_3       run_4       run_5       run_6       run_7       run_8       run_9      run_10          sum  relative_performance  problem_rank  rank
 Ackley     llambo 1549.492082 2059.648222 1803.131798 2032.438917 1912.987429 2081.560661  385.481153 2073.606325 2109.462492 1978.840113 17986.649193              1.000000           1.0   1.0
 Ackley      LogEI 1669.412909 1803.339326 1913.854864 1864.061438 1757.685067 1714.501165 1829.329003 1839.324949 1901.654489 1700.579923 17993.743132              1.000394           2.0   2.0
 Ackley      LogPI 1836.894743 1856.657441 1849.739451 1783.282186 1791.548346 1806.463962 1823.329097 1925.055259 1888.859528 1880.179836 18442.009848              1.025317           3.0   3.0
 Ackley        esp 1821.813706 1906.096357 1865.916588 1928.867508 1944.237807 1894.341376 1870.513450 1901.289693 1892.479943 1965.293217 18990.849645              1.055830           4.0   4.0
 Ackley      lmabo 1902.619456 1981.266019 1969.299562 1714.330488 1875.738663 1958.793280 1810.104526 1879.857943 1956.881669 2025.861865 19074.753471              1.060495           5.0   5.0
 Ackley    PosMean 1907.567658 1952.006368 1987.966460 1953.616740 1889.197142 1872.464936 1882.749861 1987.052772 1945.066946 2001.179179 19378.868063              1.077403           6.0   6.0
 Ackley     PosSTD 1909.948872 2006.299621 1965.673157 1989.775475 1847.884234 1977.701176 1911.764448 1910.541504 1961.861990 1905.734165 19387.184641              1.077865           7.0   7.0
 Ackley    gphedge 1895.198685 1998.688161 1960.018426 1933.938359 1956.660592 1932.044371 1941.145177 1928.052117 1973.222568 1936.035698 19455.004155              1.081636           8.0   8.0
 Ackley   setup_bo 1920.395576 2040.812661 1989.539682 2000.016748 1970.906466 1947.763256 1892.523878 2003.320504 2021.099972 1986.638708 19773.017452              1.099316           9.0   9.0
 Ackley         EI 2031.505977 2054.290774 2064.725796 2030.036484 2008.102637 1675.216190 2055.162968 2023.419705 2012.280120 2025.419193 19980.159844              1.110833          10.0  10.0
 Ackley       qMES 2025.685693 1979.008730 1992.838000 2054.661498 1983.707050 2038.180528 1996.573766 2039.765520 1954.720629 1985.312925 20050.454339              1.114741          11.0  11.0
 Ackley        qKG 2011.690812 1954.605497 2026.791260 2027.732960 2035.963295 1990.857362 2003.422864 2010.401637 2018.438086 1983.477865 20063.381639              1.115460          12.0  12.0
 Ackley         PI 2014.671588 2026.387295 2024.643217 2038.939139 1992.427175 1988.847380 1986.440362 2024.278719 2015.441765 1994.769315 20106.845956              1.117876          13.0  13.0
 Ackley        UCB 2025.077586 1866.474211 2053.684178 2053.174890 2040.403480 2016.426281 2034.132731 2049.988808 2062.061835 2001.445799 20202.869800              1.123215          14.0  14.0
 Ackley       qJES 2067.402203 2051.520731 2066.179754 2017.475376 2097.197594 2086.081054 2066.339379 2091.337867 2077.464949 2028.283428 20649.282336              1.148034          15.0  15.0
 Ackley no_past_bo 2080.047147 2084.020087 2029.886705 2066.032897 2098.050814 2082.575984 2090.385869 2088.459142 2045.090715 2044.874395 20709.423758              1.151378          16.0  16.0
 Ackley         TS 2082.848814 2066.510793 2083.843498 2047.512516 2085.816493 2083.589925 2072.248274 2075.859303 2089.188161 2073.068207 20760.485983              1.154216          17.0  17.0
 Ackley      llmgp 2084.606173 2099.796290 2082.477118 2092.232193 2095.720107 2092.545565 2084.929760 2091.137690 2085.326309 2097.407146 20906.178351              1.162316          18.0  18.0
 Ackley       qPES 2100.062435 2103.816790 2092.296082 2092.680198 2096.654057 2100.846108 2075.765441 2099.287166 2082.436532 2090.453205 20934.298014              1.163880          19.0  19.0
========================================================================================================================================================================================================
   problem     method        run_1        run_2        run_3        run_4        run_5        run_6        run_7        run_8        run_9       run_10          sum  relative_performance  problem_rank  rank
Rosenbrock         PI 9.089663e+06 1.745704e+07 1.170638e+07 8.069333e+06 1.326814e+07 1.221314e+07 1.485907e+07 1.032574e+07 1.218663e+07 2.986469e+07 1.390398e+08              1.000000           1.0   1.0
Rosenbrock      LogPI 1.047925e+07 2.592441e+07 9.772049e+06 1.001269e+07 1.290048e+07 1.088086e+07 1.644314e+07 1.512507e+07 1.177654e+07 1.790514e+07 1.412196e+08              1.015678           2.0   2.0
Rosenbrock no_past_bo 1.610202e+07 2.490646e+07 1.265856e+07 2.152319e+07 2.124995e+07 2.418082e+07 1.478299e+07 1.415587e+07 3.098970e+07 1.978042e+07 2.003300e+08              1.440810           3.0   3.0
Rosenbrock    PosMean 2.499585e+07 3.293859e+07 1.872340e+07 1.362900e+07 8.740964e+06 2.694201e+07 1.807101e+07 2.137588e+07 1.794849e+07 3.790139e+07 2.212666e+08              1.591390           4.0   4.0
Rosenbrock         EI 2.099130e+07 2.978166e+07 1.743611e+07 1.338261e+07 2.421624e+07 2.353896e+07 1.824507e+07 2.868397e+07 1.538955e+07 4.004055e+07 2.317060e+08              1.666472           5.0   5.0
Rosenbrock        esp 2.146733e+07 2.697296e+07 1.914134e+07 2.501051e+07 1.108557e+07 2.915486e+07 2.187496e+07 3.352612e+07 1.003276e+07 3.664874e+07 2.349151e+08              1.689553           6.0   6.0
Rosenbrock      LogEI 2.125728e+07 2.821508e+07 2.229303e+07 2.073435e+07 2.501357e+07 2.673152e+07 1.394503e+07 2.629241e+07 1.881136e+07 6.065063e+07 2.639443e+08              1.898336           7.0   7.0
Rosenbrock   setup_bo 2.522178e+07 3.647308e+07 1.800587e+07 2.485701e+07 3.117162e+07 2.840440e+07 3.584161e+07 2.928395e+07 1.118267e+07 2.669290e+07 2.671349e+08              1.921283           8.0   8.0
Rosenbrock    gphedge 2.211464e+07 2.621508e+07 2.097305e+07 3.159444e+07 2.650218e+07 2.026903e+07 2.633518e+07 2.184889e+07 1.847436e+07 5.453626e+07 2.688631e+08              1.933713           9.0   9.0
Rosenbrock     llambo 7.384160e+07 1.088926e+08 1.947846e+07 1.385533e+07 1.693144e+07 5.005387e+06 2.249883e+07 6.975859e+06 7.874530e+06 2.424754e+06 2.777788e+08              1.997836          10.0  10.0
Rosenbrock      lmabo 3.336808e+07 4.483637e+07 5.032884e+07 1.845299e+07 1.422646e+07 3.220637e+07 2.334586e+07 2.586281e+07 2.069211e+07 3.020558e+07 2.935255e+08              2.111089          11.0  11.0
Rosenbrock       qMES 5.375197e+07 3.605662e+07 3.818720e+07 3.368003e+07 6.024369e+07 4.300372e+07 3.405719e+07 2.876275e+07 3.247364e+07 5.526882e+07 4.154856e+08              2.988249          12.0  12.0
Rosenbrock        qKG 6.041534e+07 3.181830e+07 4.614476e+07 2.954300e+07 5.343790e+07 3.832261e+07 4.715868e+07 4.539414e+07 5.360347e+07 4.160007e+07 4.474383e+08              3.218058          13.0  13.0
Rosenbrock         TS 4.398439e+07 5.700100e+07 5.374558e+07 5.225704e+07 5.174459e+07 6.413863e+07 5.623287e+07 5.993118e+07 4.587415e+07 5.339984e+07 5.383093e+08              3.871619          14.0  14.0
Rosenbrock       qJES 3.306976e+07 6.767018e+07 5.932736e+07 7.142111e+07 3.990903e+07 7.666042e+07 4.607209e+07 4.725475e+07 5.066939e+07 1.075841e+08 5.996382e+08              4.312708          15.0  15.0
Rosenbrock      llmgp 6.409407e+07 6.533668e+07 6.503353e+07 6.984563e+07 6.195663e+07 6.569157e+07 6.347453e+07 6.147462e+07 6.190706e+07 8.256997e+07 6.613843e+08              4.756797          16.0  16.0
Rosenbrock     PosSTD 8.106978e+07 9.340449e+07 2.049847e+08 4.213808e+07 8.754913e+07 1.293223e+08 2.640994e+07 1.351022e+08 5.120590e+07 5.897882e+07 9.101653e+08              6.546076          17.0  17.0
Rosenbrock        UCB 1.377524e+08 1.907417e+08 2.097078e+08 1.253714e+08 1.783873e+08 9.961390e+07 1.348006e+08 1.899331e+08 9.100688e+07 1.734108e+08 1.530726e+09             11.009260          18.0  18.0
Rosenbrock       qPES 2.499247e+08 2.790393e+08 3.445054e+08 2.264409e+08 3.120877e+08 1.617192e+08 1.820308e+08 2.197674e+08 1.221151e+08 1.583504e+08 2.255981e+09             16.225429          19.0  19.0
========================================================================================================================================================================================================
  problem     method        run_1        run_2        run_3        run_4        run_5        run_6        run_7        run_8        run_9       run_10           sum  relative_performance  problem_rank  rank
Rastrigin     llambo 21989.192505  9262.893066 12054.588409 32549.657455  8309.111755 23312.757523 14655.206635 12389.042526 24821.650757  2839.566956 162183.667587              1.000000           1.0   1.0
Rastrigin        esp 25710.646154 23220.123937 25539.709638 25921.937540 27000.599153 23290.801984 28772.259114 27053.002622 28124.592733 24336.975087 258970.647962              1.596774           2.0   2.0
Rastrigin    PosMean 25948.880556 25737.267621 29424.327258 28776.291350 23044.658263 24328.570718 25578.583425 25458.034793 26820.248317 23956.114566 259072.976866              1.597405           3.0   3.0
Rastrigin      LogPI 25387.172181 30340.459816 25574.242839 25889.070298 24375.074280 23360.546029 25893.994457 23938.694542 26888.234210 28017.037664 259664.526317              1.601052           4.0   4.0
Rastrigin      LogEI 25825.873614 25006.568180 24701.771300 24711.651973 29388.069344 23704.998151 26351.489983 28945.831645 24551.392629 26914.331863 260101.978682              1.603750           5.0   5.0
Rastrigin no_past_bo 26428.330860 29175.135346 27725.456725 26528.982007 25549.893103 26638.168305 25254.936149 25335.746692 27942.570843 24720.779916 265299.999946              1.635800           6.0   6.0
Rastrigin         EI 27344.540925 23453.002271 27250.117425 25884.631489 27672.809631 28986.063091 27147.200888 26312.932479 26159.615936 27145.296465 267356.210600              1.648478           7.0   7.0
Rastrigin      lmabo 25829.162659 26820.541565 28559.230808 27381.996361 28554.432961 24243.888305 25805.805518 27047.669125 29478.210031 24005.726746 267726.664079              1.650762           8.0   8.0
Rastrigin        qKG 28057.924005 26622.714218 29668.010865 24217.787485 28009.762733 28135.170034 28567.445319 27133.523647 24685.788612 23286.108485 268384.235404              1.654817           9.0   9.0
Rastrigin   setup_bo 26638.994004 27768.140814 26810.405977 24844.131309 27929.647991 26300.518518 25556.467614 29762.587130 26983.376770 26480.640822 269074.910948              1.659075          10.0  10.0
Rastrigin         PI 27797.218396 25477.929500 26844.419361 27711.064290 26622.098986 29515.889025 24643.168781 29589.926004 27608.342954 25849.657270 271659.714567              1.675013          11.0  11.0
Rastrigin    gphedge 25991.584628 27330.921141 26648.530133 27538.755003 26963.426701 26755.482928 29923.205749 29699.356299 27226.370232 23810.242950 271887.875764              1.676420          12.0  12.0
Rastrigin       qMES 27922.396600 28585.414919 29327.464025 29826.203145 25117.412177 26937.543628 29303.734456 30620.145938 28573.763359 26976.862991 283190.941238              1.746113          13.0  13.0
Rastrigin     PosSTD 36923.325448 29748.003698 27262.231495 29864.590250 31123.484261 31635.924116 28199.981260 31434.866082 26948.485922 21762.948836 294903.841369              1.818333          14.0  14.0
Rastrigin       qJES 33205.595551 33458.308244 29893.256883 29947.728714 31675.150022 29533.566294 30761.272428 28746.962481 30813.448580 26114.437573 304149.726769              1.875341          15.0  15.0
Rastrigin      llmgp 31891.967755 30662.100687 33471.392233 32172.434646 33338.606150 34271.933603 31393.790243 31271.755577 30575.096070 32124.971815 321174.048778              1.980311          16.0  16.0
Rastrigin         TS 32536.928176 30942.196868 31454.187433 34520.205554 31539.786696 32795.048727 30000.002916 34534.467133 33983.959255 30909.514391 323216.297149              1.992903          17.0  17.0
Rastrigin       qPES 37929.860948 34266.701187 38083.059076 36339.709184 33940.578660 38023.377504 34668.922560 33475.407063 32241.334642 32365.243985 351334.194808              2.166274          18.0  18.0
Rastrigin        UCB 37945.619022 35449.872373 38964.541015 35925.080178 37946.490157 38687.861199 32466.729870 34963.600246 33212.943163 34148.556361 359711.293584              2.217926          19.0  19.0
========================================================================================================================================================================================================
       problem     method        run_1        run_2        run_3        run_4        run_5        run_6        run_7        run_8        run_9       run_10           sum  relative_performance  problem_rank  rank
StyblinskiTang     llambo 22749.347324 35213.207569 13274.459541 35503.838867 28749.534908  3970.239647 32433.228743 18069.155869 25501.541494 38295.934090 253760.488052              1.000000           1.0   1.0
StyblinskiTang         PI 32307.862784 20263.508627 31917.614803 29517.847124 33018.775575 28752.717729 31114.449071 20946.988430 32740.853569 32223.741733 292804.359444              1.153861           2.0   2.0
StyblinskiTang      LogPI 25698.169698 24457.725103 29900.954469 26063.488459 30504.296404 39280.742883 27458.033213 31642.588813 29047.248154 32374.572916 296427.820112              1.168140           3.0   3.0
StyblinskiTang    PosMean 37400.040144 30040.908209 34410.230780 38912.378477 32016.158163 45821.415698 32343.040698 27060.596301 31453.851399 35920.461228 345379.081097              1.361044           4.0   4.0
StyblinskiTang        qKG 36921.841350 38326.339054 35630.954949 26617.522388 30172.805461 44918.024538 42401.799635 44943.192308 36832.109311 38871.975074 375636.564067              1.480280           5.0   5.0
StyblinskiTang    gphedge 39294.016905 25800.784703 43448.232121 41269.479151 38483.940880 45320.329278 34914.505994 38172.812038 40725.797169 37969.251452 385399.149691              1.518752           6.0   6.0
StyblinskiTang      lmabo 41946.981089 32549.777414 39360.332987 37543.231474 39092.312626 45765.934641 36111.465790 35759.546730 40107.585123 42527.535051 390764.702925              1.539896           7.0   7.0
StyblinskiTang no_past_bo 44445.399001 28951.320578 42609.493751 37043.255298 38932.793600 39965.496212 34914.411145 44323.814558 45688.680265 39401.887382 396276.551790              1.561616           8.0   8.0
StyblinskiTang     PosSTD 41207.281831 42834.596424 38033.006152 38033.377977 43287.442075 46804.053672 38300.712854 40109.465041 37203.135223 36067.884746 401880.955995              1.583702           9.0   9.0
StyblinskiTang      LogEI 50387.066424 32897.387476 40881.577301 38983.182238 32452.836118 44860.039063 40091.698945 44355.077134 43355.158067 38614.558334 406878.581099              1.603396          10.0  10.0
StyblinskiTang        esp 35649.527343 38005.772009 39086.695015 41988.981189 37496.352563 49594.421903 42903.088346 42337.818159 41189.147558 39277.331780 407529.135866              1.605960          11.0  11.0
StyblinskiTang   setup_bo 43408.731321 36369.868924 44395.570335 48609.968039 33907.922166 41768.683897 43983.878251 33844.892497 43210.177334 38813.146713 408312.839477              1.609048          12.0  12.0
StyblinskiTang         TS 37715.846333 42789.398468 40774.402461 43085.013730 39833.034355 42067.263789 41975.308136 45384.574975 35424.541221 39469.360526 408518.743993              1.609860          13.0  13.0
StyblinskiTang         EI 51778.052311 36509.858561 37623.642861 42838.808923 37520.360454 51930.685917 42973.365658 38918.888397 32784.802724 42452.135328 415330.601133              1.636703          14.0  14.0
StyblinskiTang       qMES 54291.252649 39232.915888 46230.496392 35977.549827 36795.751282 36359.865837 50645.813488 41866.522122 34228.312531 46605.158080 422233.638095              1.663906          15.0  15.0
StyblinskiTang      llmgp 37817.462237 47241.725521 39768.492249 44133.633377 44896.243088 38807.815436 39608.045967 41253.449879 45630.163870 44702.866544 423859.898168              1.670315          16.0  16.0
StyblinskiTang       qJES 61959.176759 59764.932846 55157.146054 67205.728982 53433.272224 53778.597855 52589.573242 44614.062666 59474.872900 57666.300043 565643.663569              2.229045          17.0  17.0
StyblinskiTang        UCB 60273.025122 71639.571410 60243.736434 74192.320475 63248.446193 53976.728478 63286.097940 60595.563266 67502.333837 39543.658917 614501.482072              2.421581          18.0  18.0
StyblinskiTang       qPES 64964.060229 75978.304779 60674.156209 96706.044118 65105.520230 54698.389258 72249.463948 61134.608402 75475.181389 60173.189127 687158.917689              2.707904          19.0  19.0
========================================================================================================================================================================================================
Using 4 fully-completed problems for statistical tests
Friedman tests:
  Relative performance: chi2 = 53.416, p = 2.262e-05
  Ranks:                chi2 = 53.416, p = 2.262e-05

Pairwise (control=lmabo) Holm-corrected p-values:
            p_rel_holm  p_rank_holm
method                             
PosSTD       1.000e+00    1.000e+00
PosMean      1.000e+00    1.000e+00
PI           1.000e+00    1.000e+00
LogPI        1.000e+00    1.000e+00
EI           1.000e+00    1.000e+00
LogEI        1.000e+00    1.000e+00
UCB          1.000e+00    1.000e+00
TS           1.000e+00    1.000e+00
qKG          1.000e+00    1.000e+00
qPES         1.000e+00    1.000e+00
qMES         1.000e+00    1.000e+00
qJES         1.000e+00    1.000e+00
llambo       1.000e+00    1.000e+00
llmgp        1.000e+00    1.000e+00
gphedge      1.000e+00    1.000e+00
no_past_bo   1.000e+00    1.000e+00
setup_bo     1.000e+00    1.000e+00
esp          1.000e+00    1.000e+00
Wrote LaTeX summary to summary_hd.tex
